0
1
3
4
6
8
9
11
12
14
15
16
17
18
21
23
24
25
26
27
31
32
33
35
36
37
39
44
48
50
51
53
55
56
58
59
60
61
63
64
66
67
68
70
71
75
76
78
79
81
82
83
84
86
90
91
93
94
95
97
98
100
101
102
103
105
106
107
108
109
110
111
119
121
125
126
128
130
132
133
134
135
139
143
144
145
146
148
149
151
152
153
154
156
159
160
161
163
164
165
166
168
169
171
172
173
175
177
178
180
182
184
185
188
189
191
193
195
196
198
199
200
201
202
205
206
207
209
210
211
212
213
216
217
219
220
223
224
225
228
230
231
232
233
234
238
239
242
243
244
245
246
247
250
251
252
253
255
256
259
260
264
266
268
269
270
272
273
274
275
276
277
278
279
280
281
282
287
290
292
293
295
297
298
300
303
304
305
306
307
308
310
311
314
315
318
319
320
324
327
328
330
334
338
339
340
341
342
344
346
347
348
350
351
353
355
356
357
358
359
362
366
368
370
371
374
376
377
378
380
381
382
383
385
386
388
389
390
392
393
395
396
398
399
401
402
405
408
409
410
411
415
417
422
425
426
427
429
432
433
436
438
441
442
443
444
445
448
449
450
451
452
454
456
457
458
459
460
461
462
463
464
467
472
473
475
476
477
478
480
481
484
485
487
489
490
491
493
497
499